0 0 2 1 1
0 1 1 1 1
0 2 16 2 1
1 0 0 0 1
1 1 0 1 1
1 2 0 2 2
2 0 3 0 1
2 1 8 1 1
2 2 0 2 2
3 0 3 0 1
3 1 3 1 1
3 2 4 2 1
4 0 0 0 2
4 1 0 1 2
4 2 5 2 1
5 0 7 1 1
5 1 6 1 1
5 2 0 2 2
6 0 5 0 1
6 1 5 1 1
6 2 0 2 2
7 0 13 0 0
7 1 22 1 1
7 2 0 2 2
8 0 8 0 1
8 1 8 1 1
8 2 9 2 1
9 0 0 0 2
9 1 0 1 2
9 2 10 2 1
10 0 12 1 1
10 1 11 1 1
10 2 0 2 2
11 0 10 0 1
11 1 10 1 1
11 2 0 2 2
12 0 18 0 1
12 1 13 1 0
12 2 0 2 2
13 0 13 0 0
13 1 13 1 0
13 2 14 2 0
14 0 0 0 2
14 1 0 1 2
14 2 15 2 0
15 0 15 0 0
15 1 15 1 0
15 2 0 2 1
16 0 16 0 1
16 1 16 1 1
16 2 17 2 1
17 0 17 0 1
17 1 17 1 1
17 2 18 2 1
18 0 18 0 1
18 1 18 1 1
18 2 19 2 1
19 0 19 0 1
19 1 19 1 1
19 2 20 2 1
20 0 20 0 1
20 1 20 1 1
20 2 21 2 1
21 0 26 0 1
21 1 26 1 1
21 2 26 2 1
22 0 22 0 1
22 1 22 1 1
22 2 23 2 1
23 0 0 0 2
23 1 0 1 2
23 2 24 2 1
24 0 24 0 1
24 1 24 1 1
24 2 25 2 0
25 0 20 1 1
25 1 0 1 2
25 2 0 2 2
