0 0 0 0 1
0 1 0 1 1
0 2 1 2 0
1 0 2 0 0
1 1 2 1 0
1 2 0 2 2
2 0 3 1 1
2 1 1 1 0
2 2 0 2 2
3 0 4 0 1
3 1 25 1 1
3 2 46 2 1
4 0 4 0 1
4 1 4 1 1
4 2 5 2 1
5 0 4 0 1
5 1 4 1 1
5 2 6 2 1
6 0 7 0 1
6 1 8 1 0
6 2 8 2 0
7 0 6 0 1
7 1 6 1 1
7 2 0 2 2
8 0 9 0 0
8 1 9 1 0
8 2 0 2 2
9 0 10 1 1
9 1 0 1 2
9 2 0 2 2
10 0 11 0 1
10 1 17 1 1
10 2 0 2 2
11 0 11 0 1
11 1 11 1 1
11 2 12 2 1
12 0 0 0 2
12 1 0 1 2
12 2 13 2 1
13 0 14 0 1
13 1 15 1 0
13 2 15 2 0
14 0 13 0 1
14 1 13 1 1
14 2 0 2 2
15 0 16 0 0
15 1 16 1 0
15 2 0 2 2
16 0 39 1 0
16 1 0 1 2
16 2 0 2 2
17 0 17 0 1
17 1 17 1 1
17 2 18 2 1
18 0 0 0 2
18 1 0 1 2
18 2 19 2 1
19 0 20 0 1
19 1 21 1 0
19 2 21 2 0
20 0 19 0 1
20 1 19 1 1
20 2 0 2 2
21 0 22 1 0
21 1 23 0 0
21 2 0 2 2
22 0 39 1 0
22 1 0 1 2
22 2 0 2 2
23 0 24 1 0
23 1 0 1 2
23 2 0 2 2
24 0 39 1 0
24 1 0 1 2
24 2 44 2 0
25 0 25 0 1
25 1 25 1 1
25 2 26 2 1
26 0 25 0 1
26 1 25 1 1
26 2 27 2 1
27 0 28 0 1
27 1 29 1 0
27 2 29 2 0
28 0 27 0 1
28 1 27 1 1
28 2 0 2 2
29 0 30 0 0
29 1 30 1 0
29 2 0 2 2
30 0 31 1 1
30 1 0 1 2
30 2 0 2 2
31 0 17 0 1
31 1 32 1 1
31 2 0 2 2
32 0 32 0 1
32 1 32 1 1
32 2 33 2 1
33 0 32 0 1
33 1 32 1 1
33 2 34 2 1
34 0 35 0 1
34 1 36 1 0
34 2 36 2 0
35 0 34 0 1
35 1 34 1 1
35 2 0 2 2
36 0 37 0 0
36 1 37 1 0
36 2 0 2 2
37 0 38 1 0
37 1 37 1 0
37 2 0 2 2
38 0 39 1 0
38 1 0 1 2
38 2 44 2 0
39 0 40 0 0
39 1 40 1 0
39 2 44 2 0
40 0 40 0 0
40 1 40 1 0
40 2 41 2 0
41 0 40 0 0
41 1 40 1 0
41 2 42 2 0
42 0 42 0 0
42 1 42 1 0
42 2 43 2 0
43 0 0 0 2
43 1 0 1 2
43 2 1 2 0