0 0 1 0 1
0 1 2 1 0
0 2 2 2 0
1 0 0 0 1
1 1 0 1 1
1 2 0 2 2
2 0 3 0 0
2 1 3 1 0
2 2 34 2 1
3 0 4 1 1
3 1 0 1 2
3 2 0 2 2
4 0 5 0 1
4 1 17 1 1
4 2 0 2 2
5 0 5 0 1
5 1 5 1 1
5 2 6 2 1
6 0 6 0 1
6 1 6 1 1
6 2 7 2 1
7 0 7 0 1
7 1 7 1 1
7 2 8 2 1
8 0 8 0 1
8 1 8 1 1
8 2 9 2 1
9 0 12 0 1
9 1 10 1 1
9 2 0 2 2
10 0 10 0 1
10 1 10 1 1
10 2 11 2 1
11 0 10 0 1
11 1 10 1 1
11 2 9 2 1
12 0 0 0 2
12 1 0 1 2
12 2 13 2 1
13 0 14 0 1
13 1 15 1 0
13 2 15 2 0
14 0 13 0 1
14 1 13 1 1
14 2 0 2 2
15 0 16 0 0
15 1 16 1 0
15 2 0 2 2
16 0 29 1 0
16 1 0 1 2
16 2 0 2 2
17 0 17 0 1
17 1 17 1 1
17 2 18 2 1
18 0 18 0 1
18 1 18 1 1
18 2 19 2 1
19 0 19 0 1
19 1 19 1 1
19 2 20 2 1
20 0 20 0 1
20 1 20 1 1
20 2 21 2 1
21 0 24 0 1
21 1 22 1 1
21 2 0 2 2
22 0 22 0 1
22 1 22 1 1
22 2 23 2 1
23 0 22 0 1
23 1 22 1 1
23 2 21 2 1
24 0 0 0 2
24 1 0 1 2
24 2 25 2 1
25 0 26 0 1
25 1 27 1 0
25 2 27 2 0
26 0 25 0 1
26 1 25 1 1
26 2 0 2 2
27 0 28 1 0
27 1 28 1 0
27 2 0 2 2
28 0 29 1 0
28 1 0 1 2
28 2 0 2 2
29 0 29 0 0
29 1 29 1 0
29 2 30 2 0
30 0 31 0 0
30 1 31 1 0
30 2 33 2 0
31 0 0 0 2
31 1 0 1 2
31 2 32 2 0
32 0 0 0 2
32 1 0 1 2
32 2 29 2 0
33 0 33 0 0
33 1 33 1 0
33 2 0 2 1
