0 0 3 0 1
0 1 1 1 1
0 2 0 2 2
1 0 1 0 1
1 1 1 1 1
1 2 2 2 1
2 0 1 0 1
2 1 1 1 1
2 2 0 2 1
3 0 0 0 2
3 1 0 1 2
3 2 4 2 1
4 0 5 0 1
4 1 27 0 1
4 2 0 2 2
5 0 6 0 1
5 1 6 1 1
5 2 0 2 2
6 0 5 0 1
6 1 7 1 0
6 2 7 2 0
7 0 8 0 0
7 1 15 1 0
7 2 2 2 2
8 0 9 1 0
8 1 9 1 0
8 2 2 2 2
9 0 9 0 0
9 1 9 1 0
9 2 10 2 0
10 0 11 0 0
10 1 11 1 0
10 2 13 2 0
11 0 11 0 0
11 1 11 1 0
11 2 12 2 0
12 0 12 0 0
12 1 12 1 0
12 2 9 2 0
13 0 14 0 0
13 1 14 1 0
13 2 2 2 2
14 0 23 1 1
14 1 13 1 0
14 2 2 2 2
15 0 16 1 0
15 1 16 1 0
15 2 2 2 2
16 0 16 0 0
16 1 16 1 0
16 2 17 2 0
17 0 18 0 0
17 1 18 1 0
17 2 20 2 0
18 0 18 0 0
18 1 18 1 0
18 2 19 2 0
19 0 19 0 0
19 1 19 1 0
19 2 16 2 0
20 0 21 0 0
20 1 21 1 0
20 2 2 2 2
21 0 22 1 1
21 1 20 1 0
21 2 2 2 2
22 0 23 1 1
22 1 23 1 1
22 2 2 2 2
23 0 23 0 1
23 1 23 1 1
23 2 24 2 1
24 0 2 0 2
24 0 2 1 2
24 2 25 2 1
25 0 25 0 1
25 1 25 1 1
25 2 26 2 1
26 0 2 0 2
26 0 2 1 2
26 2 2 2 1
27 0 28 0 1
27 1 28 1 1
27 2 0 2 2
28 0 27 0 1
28 1 27 0 1
28 2 29 2 0
29 0 29 0 0
29 1 29 1 0
29 2 30 2 0
30 0 31 0 0
30 1 31 1 0
30 2 33 2 0
31 0 0 0 2
31 1 0 1 2
31 2 32 2 0
32 0 0 0 2
32 1 0 1 2
32 2 29 2 0
33 0 34 0 0
33 1 34 1 0
33 2 35 2 1
34 0 33 0 0
34 1 33 0 0
34 2 0 2 2

